  PID   UID   VSZ  RSS
    1     0   480  240
    2     0     0    0
    3     0     0    0
    4     0     0    0
    5     0     0    0
    6     0     0    0
   10     0     0    0
   11     0     0    0
   59     0  1404  592
   62     0  1344  448
  167     0  1372  512
 1545     0     0    0
 1568     0  1376  520
 1575     0  1456  528
 1578     0  4900 2108
 1581    25  4788 1944
 1585  1000  2664 1568
 1586  1000  2664 1560
 1588     0  1336  468
 1589     0  1336  468
 1590     0  1336  468
 1649  1000  2664 1560
 1659  1000  3852 2404
 1680  1000  2144  636
